window,alive_nodes,alive_links,n_clusters,max_size,k_star,entropy,milestone,physics_seconds,stressed,calcified,mean_omega,stress_intensity,link_ema,total_rplus,budget,v_labels,v_born,v_died,v_torque_n,v_mean_torque,v_top_share,v_label_rplus_rate,v_oldest_age,v_mean_age,v_mean_share_5node,v_share_std,v_births_5node,v_deaths_5node,macro_nodes_active,compressed_links_removed,occ_max,occ_mean,occ_nonzero,vacancy_mean,history_max,history_gini,bg_prob_effective
1,5000,6188,14,5,0,1.9992,0,14.2,0,0,6.68,1.0,6188.0,721,1.0,453,694,241,2333,0.000809,0.0061,410.0228,0,0.0,0.0052,0.0009,2,0,0,0,0.03,0.015625,64,0.4792,0.03,0.2082,0.003
2,5000,3749,2,3,0,1.9991,0,13.3,539,3188,5.23,0.8253,4586.0,561,1.0,438,22,37,2403,0.0009,0.0059,399.7145,1,1.0,0.0051,0.001,0,0,0,0,0.033582,0.015625,64,0.5347,0.0574,0.2193,0.003529
3,5000,3441,2,5,0,1.9991,0,13.1,287,3169,4.94,0.8612,4027.0,272,1.0,341,2,99,2330,0.000961,0.0079,250.23,2,2.0,0.0056,0.0013,2,0,0,0,0.033117,0.015625,63,0.5282,0.0858,0.2224,0.003856
4,5000,3115,0,0,3,1.9992,0,13.0,58,3087,4.55,0.856,3674.2,28,1.0,298,0,43,2033,0.001122,0.011,37.5335,3,2.9,0.0061,0.002,0,0,0,0,0.03681,0.015625,63,0.5755,0.1117,0.2245,0.003856
5,5000,3076,1,4,0,1.9991,0,13.0,2,3074,4.44,0.8852,3474.8,2,1.0,254,3,47,1874,0.00119,0.0122,1.626,4,3.9,0.0084,0.0024,0,0,0,0,0.038052,0.015625,63,0.5894,0.1432,0.2258,0.003529
6,5000,3083,0,0,1,1.9991,0,12.9,0,3083,4.43,0.9168,3362.9,0,1.0,230,0,24,1766,0.00119,0.0172,0.0,5,4.9,0.0092,0.0026,0,1,0,0,0.036082,0.015625,62,0.567,0.1707,0.2263,0.003
7,5000,3058,0,0,0,1.9966,1,12.9,0,3058,4.48,0.9304,3286.6,0,1.0,207,0,23,1634,0.001239,0.015,0.0,6,5.9,0.0138,0.0027,0,0,0,0,0.038206,0.015625,62,0.591,0.2072,0.2307,0.002471
8,5000,3182,0,0,0,1.9974,1,12.9,0,3182,4.55,0.9751,3263.4,0,1.0,192,0,15,1562,0.001301,0.0263,0.0,7,6.9,0.0158,0.0033,0,0,0,0,0.045534,0.015625,62,0.6569,0.2458,0.237,0.002144
9,5000,3052,0,0,0,1.9954,1,12.9,0,3052,4.49,0.9475,3221.1,0,1.0,172,0,20,1459,0.001313,0.0235,0.0,8,7.9,0.01,0.0035,0,0,0,0,0.051173,0.015625,60,0.6947,0.2714,0.2461,0.002144
10,5000,3021,0,0,0,1.9865,1,12.9,0,3021,4.48,0.9486,3184.7,0,1.0,152,0,20,1318,0.001375,0.023,0.0,9,8.9,0.0154,0.0039,0,0,0,0,0.052995,0.015625,56,0.7052,0.3124,0.2571,0.002471
11,5000,3081,2,4,0,1.9906,1,12.9,6,3075,4.46,0.9727,3167.4,6,1.0,139,3,16,1255,0.001517,0.0314,13.624,10,9.7,0.0236,0.0047,0,0,0,0,0.052356,0.015625,55,0.7016,0.3648,0.2596,0.003
12,5000,3103,1,4,3,1.9905,1,12.9,0,3094,4.45,0.9827,3157.5,9,1.0,130,7,16,1190,0.001596,0.0223,26.3158,11,10.2,0.0195,0.0049,0,0,0,0,0.047354,0.015625,54,0.67,0.4121,0.2641,0.003529
13,5000,3080,0,0,1,1.9893,2,12.9,0,3075,4.54,0.9789,3146.5,5,1.0,122,0,8,1149,0.001527,0.0292,13.8889,12,11.4,0.0141,0.0046,0,0,0,0,0.055703,0.015625,54,0.7195,0.4678,0.2714,0.003856
14,5000,3177,1,3,1,1.9561,1,12.9,3174,0,4.51,1.0084,3150.5,3,1.0,115,1,8,1094,0.001538,0.0237,9.1463,13,12.2,0.0198,0.0047,0,0,0,0,0.050445,0.015625,53,0.6903,0.5123,0.2739,0.003856
15,5000,3080,2,5,3,1.992,1,12.9,3,3067,4.45,0.9804,3141.7,13,1.0,107,2,10,1052,0.00177,0.0291,43.1894,14,13.0,0.0181,0.0051,2,0,0,0,0.067961,0.015625,50,0.7701,0.5803,0.2791,0.003529
16,5000,3016,3,5,3,1.9738,2,12.9,13,2998,4.45,0.9645,3126.9,18,1.0,101,3,9,1037,0.002013,0.0341,56.6038,15,13.6,0.0221,0.0067,3,0,0,0,0.074303,0.015625,49,0.7897,0.6422,0.2861,0.003
17,5000,3066,2,5,3,1.9163,2,12.8,18,3048,4.49,0.9826,3120.2,18,1.0,91,3,13,994,0.002325,0.0534,54.3807,16,14.2,0.0267,0.0082,1,0,0,0,0.071217,0.015625,46,0.7806,0.6867,0.2905,0.002471
18,5000,3135,2,4,3,1.9636,2,12.9,3117,0,4.56,1.0043,3121.7,18,1.0,88,4,7,989,0.002159,0.0332,51.4286,17,14.6,0.0215,0.0069,0,0,0,0,0.066482,0.015625,46,0.765,0.7532,0.2944,0.002144
19,5000,3056,2,5,0,1.9795,2,12.8,7,3045,4.49,0.981,3115.1,11,1.0,89,4,3,1004,0.0021,0.0349,36.5449,18,15.1,0.019,0.0069,1,0,0,0,0.07619,0.015625,47,0.7949,0.8103,0.3009,0.002144
20,5000,3166,1,4,1,1.9824,2,12.8,3162,0,4.5,1.0147,3120.0,4,1.0,86,1,4,999,0.002152,0.0426,13.5135,19,16.0,0.023,0.008,0,0,0,0,0.072131,0.015625,46,0.7834,0.8759,0.3084,0.002471
21,5000,3192,1,4,3,1.9761,2,12.9,3184,0,4.49,1.0208,3126.8,8,1.0,81,2,7,964,0.002028,0.0363,26.936,20,16.5,0.0198,0.0075,0,0,0,0,0.046205,0.015625,46,0.6618,0.9188,0.3141,0.003
22,5000,3115,2,4,3,1.9772,2,12.9,8,3107,4.52,0.9966,3125.7,8,1.0,79,2,4,955,0.002111,0.0438,27.6817,21,16.9,0.0172,0.0086,0,0,0,0,0.094276,0.015625,44,0.8343,0.9761,0.3197,0.003529
23,5000,3060,1,4,3,1.9822,2,13.0,7,3053,4.39,0.9809,3119.5,7,1.0,74,1,6,923,0.002209,0.0455,23.7288,22,17.5,0.0244,0.0088,0,0,0,0,0.077922,0.015625,43,0.7995,1.054,0.3268,0.003856
24,5000,3067,1,5,3,1.9977,2,12.9,0,3062,4.42,0.9848,3114.5,5,1.0,67,1,8,892,0.002328,0.0473,18.7266,23,18.6,0.0241,0.009,1,0,0,0,0.101818,0.015625,40,0.8465,1.1558,0.3338,0.003856
25,5000,3082,1,4,1,1.9936,2,13.0,6,3076,4.48,0.9906,3111.4,6,1.0,64,3,6,877,0.002275,0.0366,19.0114,24,18.7,0.0283,0.0095,0,0,0,0,0.091575,0.015625,39,0.8294,1.2474,0.342,0.003529
26,4999,3139,0,0,3,1.9585,2,12.9,3135,0,4.56,1.008,3114.0,4,1.0,65,4,3,885,0.002193,0.0424,7.2727,25,19.0,0.0231,0.0094,0,0,0,0,0.077739,0.015625,40,0.799,1.2827,0.3471,0.003
27,4999,3067,0,0,3,1.9494,1,13.0,1,3066,4.41,0.9863,3109.5,1,1.0,61,1,5,856,0.002275,0.0435,0.0,26,20.3,0.0233,0.0088,0,0,0,0,0.069565,0.015625,39,0.7754,1.3349,0.3529,0.002471
28,4997,3204,0,0,3,1.9419,1,12.9,3207,0,4.58,1.0283,3118.8,0,1.0,56,0,5,773,0.002309,0.0465,0.0,27,21.3,0.0271,0.0105,0,0,0,0,0.088372,0.015625,35,0.8232,1.4233,0.3599,0.002144
29,4997,3001,1,5,3,1.9075,1,12.9,0,2996,4.4,0.9657,3107.6,5,1.0,54,1,3,772,0.002454,0.0346,22.1239,28,21.5,0.0289,0.01,1,0,0,0,0.095238,0.015625,34,0.8359,1.5012,0.3679,0.002144
30,4995,3075,4,5,3,1.9217,1,12.9,10,3060,4.44,0.9905,3104.5,15,1.0,57,6,3,831,0.002664,0.0541,59.2885,29,20.3,0.0279,0.0107,2,0,0,0,0.081081,0.015625,36,0.8073,1.5668,0.3717,0.002471
31,4994,3006,1,3,3,1.9207,2,12.9,10,2986,4.45,0.9712,3095.1,20,1.0,58,4,3,835,0.00264,0.0495,73.2601,30,19.9,0.0265,0.0111,0,0,0,0,0.067138,0.015625,35,0.7673,1.634,0.3752,0.003
32,4993,3185,0,0,3,1.9051,2,12.9,3171,0,4.65,1.0279,3104.2,20,1.0,55,0,3,825,0.00239,0.0408,86.2069,31,21.3,0.0245,0.0101,0,1,0,0,0.069388,0.015625,34,0.7748,1.6952,0.3788,0.003529
33,4992,3122,0,0,3,1.9462,1,12.9,3107,0,4.49,1.0052,3105.9,15,1.0,53,0,2,782,0.002635,0.065,63.0252,32,21.9,0.0291,0.0126,0,0,0,0,0.073171,0.015625,33,0.7865,1.7643,0.3825,0.003856
34,4991,3028,1,3,3,1.9254,1,12.9,0,3024,4.45,0.9772,3098.5,4,1.0,50,3,6,758,0.002357,0.0442,18.0995,33,21.9,0.0306,0.0104,0,0,0,0,0.079646,0.015625,32,0.8038,1.8085,0.3877,0.003856
35,4989,3149,0,0,3,1.9413,1,12.9,3149,0,4.58,1.0147,3103.3,0,1.0,49,0,1,747,0.002343,0.0519,0.0,34,22.7,0.0225,0.0097,0,0,0,0,0.075472,0.015625,32,0.793,1.851,0.3918,0.003529
36,4987,3042,0,0,3,1.9132,1,12.9,0,3042,4.42,0.9821,3097.5,0,1.0,46,0,3,741,0.002355,0.051,0.0,35,24.3,0.0326,0.0124,0,0,0,0,0.076531,0.015625,31,0.7958,1.8969,0.3965,0.003
37,4985,3078,1,5,3,1.9788,1,12.8,7,3066,4.42,0.9943,3095.6,12,1.0,50,8,4,791,0.002346,0.0405,50.0,36,22.9,0.0275,0.0107,1,0,0,0,0.080972,0.015625,32,0.807,1.9495,0.4007,0.002471
38,4982,3051,0,0,3,1.976,1,12.8,6,3045,4.39,0.9869,3091.4,6,1.0,50,3,3,788,0.002233,0.0513,22.2222,37,23.7,0.0281,0.0117,0,0,0,0,0.123932,0.015625,35,0.8739,2.0094,0.4051,0.002144
39,4982,3056,0,0,3,1.9846,1,12.8,4,3052,4.47,0.9896,3088.0,4,1.0,45,1,6,732,0.002171,0.0452,13.8889,38,26.1,0.0288,0.0103,0,0,0,0,0.099548,0.015625,32,0.843,2.0682,0.4102,0.002144
40,4981,2960,2,5,3,1.9846,1,12.8,5,2950,4.4,0.9623,3075.8,10,1.0,45,3,3,737,0.002536,0.0628,48.3871,39,26.2,0.029,0.0142,1,0,0,0,0.078534,0.015625,32,0.801,2.1415,0.4137,0.002471
41,4981,3096,0,0,3,1.9937,1,12.8,3095,0,4.55,1.0059,3077.7,1,1.0,42,1,4,718,0.0025,0.0625,0.0,40,28.0,0.0348,0.0134,0,0,0,0,0.116071,0.015625,30,0.8654,2.1861,0.4189,0.003
42,4981,3084,1,5,3,1.9914,1,12.8,3076,0,4.47,1.0018,3078.3,8,1.0,43,5,4,719,0.00233,0.0446,36.6972,41,27.7,0.0299,0.01,1,0,0,0,0.089286,0.015625,31,0.825,2.2352,0.4229,0.003529
43,4981,3101,1,5,3,1.9756,1,12.8,3091,0,4.56,1.0067,3080.5,10,1.0,44,6,5,731,0.002972,0.055,47.3934,42,26.2,0.0294,0.0125,1,0,0,0,0.151376,0.015625,30,0.8968,2.2903,0.4253,0.003856
44,4981,3073,2,5,3,1.9698,2,12.8,0,3059,4.4,0.9978,3079.8,14,1.0,46,4,2,776,0.002517,0.0485,63.9269,43,26.0,0.0284,0.0112,1,0,0,0,0.088106,0.015625,30,0.8227,2.3476,0.4288,0.003856
45,4981,3001,0,0,3,1.9675,2,12.8,0,3001,4.36,0.9768,3072.3,0,1.0,46,0,0,773,0.002356,0.0444,0.0,44,27.0,0.0294,0.0114,0,0,0,0,0.106667,0.015625,30,0.8535,2.392,0.4317,0.003529
46,4981,3024,1,4,1,1.9267,1,12.8,4,3020,4.48,0.9858,3067.7,4,1.0,45,1,2,770,0.002189,0.0488,19.7044,45,27.5,0.0274,0.0106,0,0,0,0,0.092683,0.015625,29,0.8314,2.4652,0.4346,0.003
47,4980,3040,0,0,3,1.9428,1,12.8,1,3039,4.39,0.9918,3065.0,1,1.0,44,1,2,779,0.002367,0.0558,0.0,46,29.0,0.0286,0.0106,0,0,0,0,0.107296,0.015625,30,0.8544,2.5124,0.4384,0.002471
48,4979,3062,0,0,3,1.902,1,12.8,5,3057,4.49,0.9991,3064.8,5,1.0,46,5,3,778,0.002347,0.0601,17.6991,47,27.7,0.0284,0.0121,0,0,0,0,0.085837,0.015625,32,0.818,2.5381,0.4408,0.002144
49,4978,2993,0,0,3,1.8765,1,12.8,0,2993,4.38,0.9788,3057.9,0,1.0,46,0,0,772,0.002235,0.0519,0.0,48,28.7,0.0275,0.0119,0,0,0,0,0.113208,0.015625,30,0.862,2.59,0.4436,0.002144
50,4978,3112,1,3,3,1.864,1,12.7,3107,0,4.47,1.016,3063.1,5,1.0,47,4,3,788,0.002115,0.0483,25.3807,49,28.8,0.0258,0.0115,0,0,0,0,0.091787,0.015625,30,0.8298,2.6335,0.4448,0.002471
51,4977,3058,0,0,3,1.8911,1,12.8,2,3051,4.49,0.9985,3062.6,7,1.0,43,2,6,746,0.002115,0.0444,27.7778,50,29.0,0.0267,0.0101,0,0,0,0,0.088889,0.015625,30,0.8242,2.6735,0.4466,0.003
52,4977,3084,0,0,3,1.7421,1,12.8,3079,0,4.42,1.0063,3064.6,5,1.0,40,0,3,715,0.002133,0.0466,26.3158,51,31.6,0.0308,0.0113,0,0,0,0,0.103627,0.015625,27,0.8492,2.7098,0.4499,0.003529
53,4974,3037,0,0,3,1.8516,1,12.8,0,3037,4.4,0.9918,3062.0,0,1.0,38,0,2,705,0.002232,0.0524,0.0,52,34.0,0.0336,0.0127,0,0,0,0,0.1,0.015625,26,0.8438,2.7241,0.4526,0.003856
54,4973,3017,2,5,3,1.8404,1,12.8,2,3011,4.41,0.9867,3057.7,6,1.0,37,2,3,722,0.001961,0.0681,21.5054,53,35.6,0.0325,0.0141,1,0,0,0,0.115183,0.015625,27,0.8643,2.7664,0.455,0.003856
55,4971,3153,1,5,3,1.6806,1,12.7,3170,0,4.54,1.0346,3068.9,5,1.0,37,1,1,693,0.002244,0.0508,25.641,54,35.5,0.0323,0.014,1,1,0,0,0.081218,0.015625,27,0.8076,2.8324,0.4565,0.003529
56,4970,3030,0,0,3,1.5766,2,12.8,0,3030,4.45,0.9885,3065.2,0,1.0,36,0,1,680,0.002203,0.0579,0.0,55,36.0,0.0299,0.011,0,0,0,0,0.084211,0.015625,26,0.8145,2.885,0.459,0.003
57,4970,2998,1,5,3,1.5801,1,12.7,0,2993,4.37,0.9801,3058.8,5,1.0,35,1,2,676,0.002714,0.0756,29.0698,56,34.9,0.0358,0.0163,1,0,0,0,0.098837,0.015625,25,0.8419,2.9606,0.4614,0.002471
58,4969,3079,0,0,3,1.5774,1,12.7,3074,0,4.55,1.006,3060.7,5,1.0,34,0,1,676,0.002206,0.0635,27.027,57,36.7,0.0341,0.0154,0,0,0,0,0.111111,0.015625,25,0.8594,3.0347,0.4644,0.002144
59,4968,3004,1,5,3,1.5505,1,12.8,0,2994,4.36,0.9832,3055.3,10,1.0,34,1,1,686,0.00224,0.0563,47.8469,58,37.2,0.0371,0.0126,1,1,0,0,0.089202,0.015625,26,0.8248,3.1051,0.4668,0.002144
60,4966,3005,1,3,3,1.7703,1,12.7,0,3000,4.48,0.9851,3050.5,5,1.0,33,1,2,652,0.002551,0.0703,27.6243,59,35.8,0.0354,0.0152,0,0,0,0,0.086486,0.015625,27,0.8193,3.1483,0.4681,0.002471
61,4965,3065,1,4,3,1.7703,2,12.8,3060,0,4.48,1.0043,3051.9,5,1.0,34,1,0,668,0.002488,0.0569,24.3902,60,35.7,0.0306,0.0132,0,0,0,0,0.080569,0.015625,27,0.8061,3.2242,0.47,0.003
62,4965,3061,0,0,3,1.8727,2,12.8,3059,0,4.45,1.0027,3052.8,2,1.0,34,0,0,668,0.002777,0.0642,10.7527,61,36.7,0.0313,0.0147,0,0,0,0,0.101604,0.015625,27,0.8462,3.3151,0.4717,0.003529
63,4964,2965,0,0,3,1.8238,1,12.8,5,2960,4.4,0.9739,3044.4,5,1.0,37,5,2,702,0.002247,0.0432,22.4719,62,34.7,0.0311,0.0121,0,0,0,0,0.118919,0.015625,29,0.8686,3.4016,0.4734,0.003856
64,4962,3117,1,5,3,1.8742,1,12.8,3115,0,4.5,1.0224,3051.6,5,1.0,35,2,4,712,0.002245,0.0521,21.3904,63,35.8,0.0308,0.0105,1,0,0,0,0.114583,0.015625,29,0.8636,3.4484,0.475,0.003856
65,4961,3063,0,0,3,1.8829,1,12.8,3063,0,4.48,1.0034,3052.7,0,1.0,34,0,1,680,0.002357,0.0635,0.0,64,37.8,0.0368,0.0142,0,0,0,0,0.121693,0.015625,27,0.8716,3.5119,0.4772,0.003529
66,4959,3034,1,3,3,1.9591,1,12.8,4,3025,4.48,0.9945,3050.9,9,1.0,37,8,5,717,0.001982,0.0519,39.801,65,35.6,0.0264,0.0109,0,1,0,0,0.066038,0.015625,31,0.7634,3.5591,0.4778,0.003
67,4956,3024,1,5,3,1.9641,1,12.7,4,3015,4.51,0.992,3048.3,9,1.0,37,1,1,699,0.00212,0.0585,43.4783,66,36.6,0.0294,0.0102,1,0,0,0,0.12234,0.015625,30,0.8723,3.6123,0.4788,0.002471
68,4955,2968,1,5,3,1.9837,2,12.8,8,2955,4.49,0.9761,3040.7,13,1.0,36,1,2,719,0.002189,0.06,61.8557,67,38.4,0.0316,0.0134,1,0,0,0,0.1,0.015625,30,0.8438,3.6873,0.4802,0.002144
69,4955,3043,0,0,3,1.9544,2,12.8,3035,0,4.38,1.0007,3040.9,8,1.0,36,0,0,704,0.00212,0.0619,36.2694,68,39.4,0.0319,0.0139,0,0,0,0,0.087629,0.015625,28,0.8217,3.7749,0.4815,0.002144
70,4955,3040,0,0,3,1.9902,1,12.8,0,3035,4.42,0.9997,3040.8,5,1.0,35,0,1,704,0.001981,0.0746,25.0,69,41.5,0.0339,0.0139,0,0,0,0,0.099502,0.015625,28,0.843,3.8197,0.4829,0.002471
71,4955,3029,0,0,3,1.919,1,12.8,0,3029,4.44,0.9965,3039.7,0,1.0,35,0,0,696,0.001821,0.0657,0.0,70,42.5,0.0335,0.0152,0,0,0,0,0.09596,0.015625,28,0.8372,3.8803,0.4848,0.003
72,4955,3022,1,5,3,1.9261,1,12.7,0,3017,4.49,0.9947,3038.0,5,1.0,35,1,1,704,0.002228,0.0688,23.2558,71,41.7,0.0329,0.0125,1,0,0,0,0.091743,0.015625,29,0.8297,3.9491,0.4851,0.003529
73,4954,3131,2,5,3,1.9785,1,12.8,3124,0,4.55,1.0297,3047.5,14,1.0,38,6,3,770,0.002144,0.0622,55.3191,72,39.4,0.0304,0.013,2,0,0,0,0.078838,0.015625,31,0.8018,3.9906,0.4858,0.003856
74,4953,3110,0,0,3,1.9498,2,12.7,3107,0,4.6,1.0185,3053.5,3,1.0,38,0,0,754,0.002431,0.0583,13.4529,73,40.4,0.03,0.0119,0,0,0,0,0.06278,0.015625,30,0.7511,4.0265,0.4855,0.003856
75,4952,3006,0,0,3,1.9797,1,12.8,3,3003,4.48,0.9859,3049.0,3,1.0,38,0,0,754,0.002178,0.0476,14.6341,74,41.4,0.029,0.0114,0,0,0,0,0.07619,0.015625,30,0.7949,4.0646,0.4861,0.003529
76,4949,3002,0,0,3,1.9977,1,12.7,4,2998,4.36,0.986,3044.5,4,1.0,37,1,2,762,0.001831,0.06,15.4639,75,43.2,0.0294,0.0121,0,0,0,0,0.085,0.015625,30,0.8162,4.1383,0.4868,0.003
77,4948,2933,0,0,3,1.9887,1,12.7,0,2933,4.29,0.9668,3033.9,0,1.0,37,0,0,744,0.001753,0.0564,0.0,76,44.2,0.0291,0.0122,0,0,0,0,0.061538,0.015625,29,0.7461,4.1947,0.4878,0.002471
78,4947,3044,0,0,3,1.9315,1,12.7,3044,0,4.37,1.003,3034.8,0,1.0,35,0,2,722,0.001715,0.0596,0.0,77,47.0,0.0319,0.0126,0,1,0,0,0.119266,0.015625,28,0.869,4.314,0.4894,0.002144
79,4947,3007,0,0,3,1.9077,1,12.7,0,3007,4.4,0.9917,3032.2,0,1.0,35,0,0,714,0.00206,0.0629,0.0,78,48.0,0.0326,0.0146,0,0,0,0,0.085714,0.015625,28,0.8177,4.3883,0.4901,0.002144
80,4946,3013,0,0,3,1.8078,1,12.7,0,3013,4.52,0.9943,3030.4,0,1.0,35,0,0,714,0.001658,0.0561,0.0,79,49.0,0.0291,0.0132,0,0,0,0,0.112245,0.015625,28,0.8608,4.5005,0.4913,0.002471
81,4946,3051,1,5,1,1.8295,1,12.7,3046,0,4.48,1.0062,3032.3,5,1.0,36,1,0,737,0.001944,0.06,25.3807,80,48.6,0.0294,0.0119,1,0,0,0,0.085,0.015625,28,0.8162,4.5805,0.4928,0.003
82,4946,3009,1,4,1,1.8352,1,12.7,5,3004,4.39,0.993,3030.1,5,1.0,38,3,1,769,0.001786,0.0515,20.9424,81,47.0,0.0311,0.0129,0,0,0,0,0.103093,0.015625,30,0.8484,4.6424,0.4942,0.003529
83,4946,3023,1,3,3,1.9591,2,12.7,3,3020,4.46,0.9979,3029.4,3,1.0,38,1,1,774,0.00179,0.0538,13.6986,82,47.9,0.0288,0.0142,0,1,0,0,0.071749,0.015625,30,0.7822,4.7141,0.4946,0.003856
84,4946,2970,2,3,3,1.9698,2,12.7,7,2963,4.41,0.9822,3023.8,7,1.0,39,3,2,773,0.001922,0.0602,28.436,83,47.7,0.0278,0.0131,0,0,0,0,0.074074,0.015625,31,0.7891,4.7882,0.4949,0.003856
85,4946,3009,1,4,1,1.9799,2,12.7,7,3002,4.42,0.9956,3022.4,7,1.0,40,1,0,784,0.001772,0.039,30.9735,84,47.5,0.0269,0.0096,0,0,0,0,0.08658,0.015625,31,0.8195,4.8488,0.4954,0.003529
86,4946,3055,1,4,1,1.9431,2,12.7,3048,0,4.54,1.0098,3025.5,7,1.0,41,1,0,802,0.001907,0.0533,31.5315,85,47.3,0.0257,0.0122,0,0,0,0,0.088889,0.015625,31,0.8242,4.9199,0.4958,0.003
87,4946,3087,1,5,3,1.9841,2,12.7,3075,0,4.52,1.0184,3031.3,12,1.0,37,1,5,790,0.002115,0.0576,50.8475,86,46.9,0.0277,0.0095,1,0,0,0,0.08642,0.015625,29,0.8192,4.9816,0.4962,0.002471
88,4946,3097,1,3,3,1.9822,2,12.7,3082,0,4.56,1.0199,3037.7,16,1.0,41,8,4,819,0.001809,0.0617,59.5745,87,43.2,0.0258,0.0089,0,0,0,0,0.069959,0.015625,32,0.7767,5.0516,0.4964,0.002144
89,4946,3124,1,5,3,1.9893,2,12.7,3114,0,4.55,1.0274,3046.5,16,1.0,43,3,1,832,0.002055,0.0522,61.7761,88,42.2,0.0257,0.0095,1,0,0,0,0.070896,0.015625,32,0.7796,5.0926,0.4961,0.002144
90,4945,3109,2,5,3,1.9839,2,12.7,3088,0,4.49,1.0185,3052.4,21,1.0,48,8,3,893,0.001982,0.0448,76.3636,89,38.7,0.023,0.0095,1,0,0,0,0.075862,0.015625,34,0.794,5.1513,0.4957,0.002471
91,4944,3135,1,3,3,1.9695,2,12.7,3123,0,4.56,1.0244,3060.3,12,1.0,48,6,6,914,0.001925,0.0405,43.6364,90,39.4,0.0223,0.008,0,0,0,0,0.067568,0.015625,35,0.7688,5.2087,0.4953,0.003
92,4943,3046,0,0,3,1.9593,2,12.7,0,3036,4.46,0.9958,3058.9,10,1.0,43,0,5,890,0.001636,0.0394,41.841,91,44.8,0.0241,0.0084,0,0,0,0,0.094488,0.015625,32,0.8346,5.3032,0.4952,0.003529
93,4943,2958,0,0,3,1.9622,1,12.7,6,2947,4.39,0.9701,3049.3,11,1.0,46,6,3,881,0.001651,0.0485,39.3701,92,42.7,0.0229,0.0092,0,0,0,0,0.085821,0.015625,35,0.8179,5.3666,0.495,0.003856
94,4943,3124,2,5,1,1.9358,1,12.7,3110,0,4.5,1.0221,3056.4,14,1.0,45,2,3,895,0.001903,0.0458,51.2821,93,44.5,0.0245,0.0093,2,1,0,0,0.070423,0.015625,34,0.7781,5.4229,0.4944,0.003856
95,4940,3059,1,5,3,1.8877,1,12.7,3042,0,4.49,1.0008,3056.7,17,1.0,46,3,2,902,0.001847,0.0534,64.0,94,44.4,0.0251,0.0098,1,0,0,0,0.09542,0.015625,34,0.8363,5.5184,0.4941,0.003529
96,4938,2988,2,4,3,1.9345,2,12.7,8,2976,4.42,0.9796,3050.1,12,1.0,47,2,1,898,0.001692,0.0446,46.5116,95,43.7,0.024,0.0086,0,0,0,0,0.05948,0.015625,33,0.7373,5.5704,0.4941,0.003
97,4938,2988,0,0,3,1.8479,2,12.7,6,2982,4.36,0.9815,3044.2,6,1.0,44,2,5,916,0.001659,0.0373,17.3913,96,47.5,0.022,0.0079,0,0,0,0,0.070539,0.015625,35,0.7785,5.6161,0.4936,0.002471
98,4938,3022,0,0,3,1.9337,1,12.7,4,3018,4.45,0.9934,3042.1,4,1.0,42,0,2,883,0.00167,0.0451,15.5039,97,50.6,0.0255,0.0095,0,1,0,0,0.075188,0.015625,32,0.7922,5.6612,0.4935,0.002144
99,4935,3036,1,5,3,1.9314,1,12.7,4,3027,4.51,0.9982,3041.5,9,1.0,42,1,1,874,0.00154,0.05,37.6569,98,51.4,0.0263,0.0107,1,0,0,0,0.083333,0.015625,31,0.8125,5.707,0.4935,0.002144
100,4935,3135,0,0,3,1.9701,1,12.7,3142,0,4.61,1.031,3051.5,4,1.0,42,0,0,874,0.001589,0.0471,14.8699,99,52.4,0.0262,0.0099,0,0,0,0,0.09058,0.015625,31,0.8275,5.7613,0.4934,0.002471
101,4935,3025,0,0,3,1.952,1,12.7,2,3023,4.43,0.9921,3048.9,2,1.0,41,2,3,876,0.0015,0.0482,4.5045,100,53.5,0.0258,0.0102,0,2,0,0,0.096491,0.015625,32,0.8381,5.8271,0.4937,0.003
102,4935,3039,1,5,1,1.976,1,12.7,0,3034,4.47,0.997,3048.0,5,1.0,40,1,2,823,0.001609,0.0516,23.9234,101,53.4,0.0276,0.0113,1,2,0,0,0.079812,0.015625,32,0.8042,5.8741,0.4936,0.003529
103,4933,3054,0,0,1,1.9332,1,12.8,3054,0,4.46,1.0018,3048.6,0,1.0,39,0,1,823,0.001399,0.0457,0.0,102,55.6,0.0283,0.0096,0,1,0,0,0.082192,0.015625,32,0.8099,5.9243,0.494,0.003856
104,4931,3056,2,4,1,1.9569,1,12.7,3049,0,4.45,1.0022,3049.3,7,1.0,40,2,1,831,0.001497,0.0462,30.1724,103,55.1,0.0257,0.0105,0,0,0,0,0.079832,0.015625,34,0.8043,5.9957,0.4941,0.003856
105,4926,3033,2,4,3,1.9003,1,12.7,16,3017,4.53,0.9952,3047.7,16,1.0,48,10,2,889,0.001779,0.0431,65.5738,104,46.7,0.0231,0.0097,0,0,0,0,0.082353,0.015625,34,0.8103,6.031,0.4939,0.003529
106,4921,3091,0,0,3,1.8638,2,12.6,3084,0,4.51,1.0128,3051.9,7,1.0,48,0,0,889,0.001622,0.0406,26.8199,105,47.7,0.0221,0.0097,0,0,0,0,0.107011,0.015625,34,0.854,6.0753,0.4939,0.003
107,4919,2960,1,5,3,1.8889,1,12.7,7,2943,4.38,0.9727,3043.1,17,1.0,48,6,6,933,0.001535,0.0333,65.8915,106,48.6,0.0221,0.0075,1,0,0,0,0.1,0.015625,34,0.8438,6.1161,0.4942,0.002471
108,4916,2993,1,3,1,1.9576,1,12.6,9,2979,4.48,0.9851,3038.3,14,1.0,48,3,3,944,0.001503,0.049,51.7241,107,49.5,0.0239,0.0101,0,0,0,0,0.077551,0.015625,35,0.7985,6.1732,0.4941,0.002144
109,4913,3062,0,0,3,1.956,2,12.7,3060,0,4.47,1.007,3040.6,2,1.0,46,0,2,905,0.001373,0.0415,8.4746,108,52.6,0.0251,0.0091,0,0,0,0,0.091286,0.015625,34,0.8288,6.2188,0.4947,0.002144
110,4912,3084,2,3,1,1.9566,1,12.6,3078,0,4.51,1.0129,3044.7,6,1.0,48,4,2,916,0.001362,0.0361,24.6914,109,51.2,0.023,0.0084,0,0,0,0,0.068273,0.015625,36,0.7711,6.259,0.4944,0.002471
111,4908,2949,0,0,1,1.9928,1,12.5,0,2949,4.41,0.9715,3035.6,0,1.0,48,0,0,911,0.001193,0.0458,0.0,110,52.2,0.0231,0.0092,0,0,0,0,0.066667,0.015625,36,0.7656,6.3048,0.4944,0.003
112,4906,2909,0,0,0,1.9772,1,12.5,0,2909,4.38,0.9621,3023.5,0,1.0,47,0,1,899,0.001283,0.048,0.0,111,54.3,0.0234,0.0097,0,0,0,0,0.064,0.015625,35,0.7559,6.3488,0.4944,0.003529
113,4902,3026,1,5,0,1.9574,1,12.5,3017,0,4.47,1.0007,3023.8,9,1.0,48,5,4,939,0.001363,0.0513,34.2205,112,53.9,0.0221,0.0084,1,0,0,0,0.087912,0.015625,35,0.8223,6.3891,0.4946,0.003856
114,4898,2987,1,3,1,1.9628,1,12.5,4,2983,4.35,0.989,3020.3,4,1.0,48,1,1,923,0.001598,0.0381,17.6211,113,54.7,0.021,0.0101,0,0,0,0,0.09322,0.015625,34,0.8324,6.4146,0.4944,0.003856
115,4898,2972,1,5,1,1.9658,2,12.5,3,2964,4.47,0.9855,3015.7,8,1.0,48,1,1,938,0.001376,0.0542,34.188,114,55.7,0.0225,0.0097,1,0,0,0,0.070833,0.015625,34,0.7794,6.4646,0.4944,0.003529
116,4896,2850,0,0,0,1.9363,2,12.5,0,2850,4.31,0.95,2999.9,0,1.0,47,0,1,930,0.001335,0.0472,0.0,115,57.8,0.0239,0.0099,0,0,0,0,0.090551,0.015625,34,0.8274,6.5079,0.4945,0.003
117,4895,3035,1,5,1,1.9077,1,12.4,3030,0,4.47,1.0106,3003.2,5,1.0,48,1,0,937,0.001346,0.0492,20.7469,116,57.6,0.0239,0.0088,1,0,0,0,0.07377,0.015625,34,0.7882,6.5529,0.4948,0.002471
118,4894,3053,1,5,3,1.9103,1,12.4,3042,0,4.5,1.015,3008.0,11,1.0,47,2,3,944,0.001424,0.0484,33.0033,117,57.5,0.0246,0.0094,1,1,0,0,0.077419,0.015625,35,0.7982,6.5755,0.4946,0.002144
119,4892,3088,2,5,3,1.9332,2,12.5,3070,0,4.53,1.0246,3015.8,20,1.0,50,5,2,967,0.001489,0.0519,68.0272,118,54.7,0.022,0.0093,1,0,0,0,0.077922,0.015625,35,0.7995,6.6015,0.4944,0.002144
120,4892,3079,0,0,3,1.9103,2,12.4,3064,0,4.47,1.0189,3021.8,15,1.0,48,0,2,936,0.001509,0.0538,59.2885,119,57.5,0.0232,0.0102,0,1,0,0,0.065385,0.015625,35,0.761,6.6207,0.4937,0.002471
121,4892,3015,2,4,3,1.8841,1,12.5,13,2992,4.42,0.998,3021.2,23,1.0,50,2,0,938,0.001548,0.0456,83.6364,120,56.1,0.0217,0.0087,0,0,0,0,0.059649,0.015625,36,0.7381,6.6277,0.4929,0.003
122,4891,2936,1,4,3,1.9424,1,12.4,4,2932,4.44,0.9744,3013.1,4,1.0,48,1,3,951,0.001314,0.0481,14.2349,121,59.3,0.023,0.009,0,0,0,0,0.058419,0.015625,36,0.7325,6.6724,0.4926,0.003529
123,4891,2990,1,3,3,1.971,2,12.5,0,2990,4.46,0.9931,3010.9,0,1.0,47,1,2,946,0.001258,0.0415,0.0,122,61.4,0.0234,0.0094,0,0,0,0,0.067925,0.015625,37,0.77,6.6837,0.4919,0.003856
124,4891,3006,1,4,3,1.9794,2,12.4,0,3006,4.44,0.9985,3010.4,0,1.0,48,1,0,947,0.001338,0.0415,0.0,123,61.1,0.023,0.0095,0,0,0,0,0.096886,0.015625,36,0.8387,6.7218,0.4915,0.003856
125,4890,3037,1,5,3,1.9567,2,12.5,3030,0,4.5,1.008,3012.9,7,1.0,48,3,3,970,0.001543,0.0586,22.6415,124,61.5,0.0229,0.0105,1,1,0,0,0.087912,0.015625,36,0.8223,6.7401,0.4908,0.003529
126,4890,2983,2,5,1,1.9196,2,12.4,3,2975,4.44,0.991,3010.1,8,1.0,50,2,0,971,0.001489,0.0346,28.169,125,60.0,0.0213,0.0069,1,0,0,0,0.076125,0.015625,38,0.7947,6.754,0.4896,0.003
127,4890,3008,0,0,3,1.9469,2,12.5,6,3002,4.5,0.9994,3009.9,6,1.0,47,3,6,956,0.001401,0.0346,16.1943,126,61.5,0.0232,0.0081,0,1,0,0,0.073077,0.015625,38,0.7862,6.777,0.4886,0.002471
128,4890,2998,0,0,3,1.9469,1,12.4,3,2995,4.43,0.9964,3008.7,3,1.0,45,0,2,898,0.001198,0.0435,13.3333,127,65.0,0.0259,0.0103,0,1,0,0,0.078261,0.015625,36,0.8003,6.8031,0.4879,0.002144
129,4889,3022,0,0,3,1.9276,1,12.5,3015,0,4.42,1.004,3010.0,7,1.0,47,4,2,905,0.001258,0.0462,28.0,128,63.2,0.024,0.0085,0,0,0,0,0.1,0.015625,39,0.8438,6.83,0.4874,0.002144
130,4888,3015,1,5,3,1.9369,1,12.4,3007,0,4.46,1.0015,3010.5,8,1.0,47,1,1,921,0.001152,0.036,29.6296,129,64.1,0.0228,0.0077,1,0,0,0,0.068345,0.015625,37,0.7714,6.8942,0.4869,0.002471
131,4886,3018,0,0,3,1.9593,1,12.4,3014,0,4.53,1.0023,3011.2,4,1.0,45,1,3,920,0.001331,0.046,11.9048,130,67.9,0.023,0.009,0,0,0,0,0.061303,0.015625,37,0.7451,6.9517,0.4864,0.003
132,4886,2980,1,5,3,1.9486,1,12.5,0,2975,4.35,0.9906,3008.2,5,1.0,45,1,1,907,0.001301,0.0511,21.8341,131,68.8,0.0235,0.01,1,0,0,0,0.076596,0.015625,36,0.796,7.0282,0.486,0.003529
133,4884,3098,1,5,3,1.9281,1,12.4,3094,0,4.52,1.0275,3017.0,6,1.0,44,2,3,925,0.001355,0.0428,20.2429,132,71.0,0.0245,0.01,1,0,0,0,0.085603,0.015625,36,0.8175,7.1022,0.4858,0.003856
134,4883,2914,0,0,3,1.8837,2,12.5,0,2914,4.39,0.969,3007.2,0,1.0,43,0,1,899,0.001229,0.0403,0.0,133,73.3,0.0251,0.0089,0,1,0,0,0.096774,0.015625,34,0.8385,7.1506,0.4855,0.003856
135,4882,2993,1,5,1,1.8935,1,12.4,0,2989,4.44,0.9957,3005.8,4,1.0,44,1,0,898,0.001332,0.0437,16.129,134,72.6,0.0244,0.0087,1,0,0,0,0.103175,0.015625,33,0.8486,7.2418,0.4856,0.003529
136,4882,2968,0,0,1,1.781,1,12.5,0,2968,4.4,0.9886,3002.2,0,1.0,44,0,0,898,0.001406,0.0594,0.0,135,73.6,0.0252,0.0112,0,0,0,0,0.123288,0.015625,33,0.8733,7.3103,0.486,0.003
137,4877,3052,2,5,1,1.8547,1,12.4,3042,0,4.51,1.015,3007.0,10,1.0,46,2,0,933,0.001336,0.0414,38.61,136,71.4,0.0238,0.0096,2,0,0,0,0.12782,0.015625,34,0.8778,7.3554,0.4861,0.002471
138,4876,3044,1,5,3,1.8834,1,12.5,3034,0,4.44,1.0111,3010.5,10,1.0,47,1,0,951,0.001494,0.0476,37.037,137,70.9,0.0233,0.0089,1,0,0,0,0.080586,0.015625,34,0.8061,7.3847,0.4858,0.002144
139,4876,3015,0,0,3,1.864,2,12.4,3010,0,4.46,1.0014,3010.9,5,1.0,47,0,0,951,0.001218,0.0448,19.305,138,71.9,0.0223,0.0094,0,0,0,0,0.093284,0.015625,34,0.8325,7.4444,0.486,0.002144
140,4873,3002,1,4,3,1.8567,1,12.4,0,2993,4.44,0.9973,3010.1,9,1.0,48,3,2,956,0.001391,0.0431,37.037,139,70.7,0.0224,0.009,0,0,0,0,0.070588,0.015625,35,0.7786,7.5111,0.4854,0.002471
141,4872,3021,0,0,3,1.849,1,12.5,3011,0,4.53,1.0033,3011.1,10,1.0,51,5,2,974,0.001188,0.0565,34.7222,140,67.5,0.0218,0.0091,0,0,0,0,0.07309,0.015625,37,0.7862,7.5676,0.4849,0.003
142,4869,3052,1,5,3,1.9258,1,12.4,3032,0,4.48,1.0123,3015.0,20,1.0,53,6,4,1000,0.0012,0.0462,69.9301,141,65.8,0.02,0.0082,1,0,0,0,0.072607,0.015625,36,0.7848,7.6138,0.484,0.003529
143,4866,2917,1,5,3,1.9132,1,12.5,0,2902,4.37,0.9705,3005.7,15,1.0,53,1,1,1015,0.001543,0.06,51.1945,142,66.8,0.0215,0.0104,1,0,0,0,0.086667,0.015625,36,0.8197,7.6705,0.4833,0.003856
144,4865,2943,0,0,3,1.9142,2,12.4,2,2936,4.43,0.9811,2999.7,7,1.0,52,2,3,1033,0.001237,0.0465,21.2014,143,69.0,0.0215,0.0098,0,0,0,0,0.086379,0.015625,36,0.8191,7.717,0.4827,0.003856
145,4862,2987,0,0,3,1.9561,1,12.4,0,2987,4.37,0.9962,2998.5,0,1.0,50,0,2,994,0.001135,0.0418,0.0,144,72.7,0.0212,0.0096,0,0,0,0,0.083624,0.015625,34,0.8132,7.7867,0.4826,0.003529
146,4860,3075,0,0,3,1.9938,1,12.4,3077,0,4.5,1.0236,3006.0,0,1.0,49,0,1,983,0.001145,0.0366,0.0,145,75.1,0.0209,0.0086,0,0,0,0,0.087912,0.015625,34,0.8223,7.8489,0.4823,0.003
147,4858,2943,0,0,3,1.9501,1,12.3,0,2943,4.46,0.981,3000.0,0,1.0,49,0,0,973,0.001,0.0476,0.0,146,76.1,0.0231,0.0117,0,0,0,0,0.077922,0.015625,34,0.7995,7.8966,0.4821,0.002471
148,4852,2951,1,5,1,1.9852,1,12.3,0,2946,4.41,0.9852,2995.3,5,1.0,47,1,3,983,0.000983,0.0386,18.5185,147,79.9,0.0231,0.0082,1,2,0,0,0.077193,0.015625,35,0.7976,7.9737,0.482,0.002144
149,4852,2977,1,5,1,1.9878,1,12.3,0,2972,4.37,0.9945,2993.6,5,1.0,48,1,0,965,0.001237,0.0407,17.3611,148,79.2,0.022,0.0086,1,0,0,0,0.108475,0.015625,34,0.856,8.0314,0.482,0.002144
150,4849,2915,0,0,0,1.9591,2,12.3,0,2910,4.41,0.9762,2986.1,5,1.0,47,0,1,947,0.001069,0.042,19.685,149,79.2,0.0235,0.0107,0,0,0,0,0.091603,0.015625,33,0.8294,8.0886,0.4819,0.002471
151,4847,2977,0,0,3,1.9814,1,12.2,0,2972,4.41,0.9972,2985.2,5,1.0,46,0,1,947,0.001113,0.0459,17.9856,150,81.6,0.0229,0.0085,0,1,0,0,0.088339,0.015625,33,0.8231,8.1628,0.4821,0.003
152,4845,2958,0,0,3,1.9133,1,12.2,0,2953,4.46,0.9917,2982.6,5,1.0,46,0,0,932,0.001083,0.0508,20.0,151,82.6,0.024,0.0089,0,0,0,0,0.105469,0.015625,32,0.8519,8.2331,0.4821,0.003529
153,4844,3074,1,3,1,1.9167,1,12.3,3079,0,4.57,1.0307,2992.3,5,1.0,48,4,2,947,0.000836,0.0427,18.2482,152,80.1,0.0217,0.0079,0,0,0,0,0.071174,0.015625,33,0.7805,8.2972,0.482,0.003856
154,4842,2988,0,0,3,1.9257,1,12.2,0,2983,4.43,0.9987,2991.9,5,1.0,47,0,1,942,0.000962,0.0401,18.6567,153,82.9,0.0217,0.0082,0,0,0,0,0.09854,0.015625,32,0.8414,8.3811,0.4821,0.003856
155,4842,2986,4,5,3,1.9072,1,12.3,10,2967,4.46,0.9982,2991.3,19,1.0,55,11,3,1023,0.001198,0.0342,61.6883,154,69.6,0.0192,0.006,2,1,0,0,0.065217,0.015625,36,0.7604,8.4277,0.4817,0.003529
156,4841,3017,2,4,3,1.8669,1,12.2,2995,0,4.49,1.0078,2993.8,22,1.0,58,7,4,1076,0.001325,0.0374,66.8693,155,67.0,0.0183,0.0071,0,0,0,0,0.068966,0.015625,39,0.7734,8.4823,0.481,0.003
157,4841,2951,2,5,3,1.8791,2,12.3,12,2929,4.44,0.9871,2989.7,22,1.0,57,2,3,1106,0.001432,0.0439,66.2651,156,69.1,0.0196,0.0086,2,0,0,0,0.084795,0.015625,37,0.8157,8.5233,0.48,0.002471
158,4838,2942,1,4,3,1.9025,2,12.1,3,2939,4.46,0.9855,2985.1,3,1.0,56,1,2,1100,0.001338,0.0483,9.2308,157,70.0,0.0194,0.0081,0,0,0,0,0.093656,0.015625,37,0.8332,8.5837,0.4793,0.002144
159,4838,3004,1,5,1,1.8812,2,12.3,2997,0,4.48,1.0057,2986.9,7,1.0,56,1,1,1120,0.001291,0.0323,21.2121,158,70.9,0.0195,0.0078,1,0,0,0,0.082111,0.015625,38,0.8097,8.6482,0.4784,0.002144
160,4837,2998,1,5,1,1.943,2,12.1,2993,0,4.45,1.0033,2988.0,5,1.0,53,1,4,1125,0.001284,0.0411,16.4474,159,75.6,0.0203,0.007,1,0,0,0,0.079114,0.015625,38,0.8025,8.6798,0.4779,0.002471
161,4835,2999,1,5,2,1.9764,2,12.2,2994,0,4.46,1.0033,2989.0,5,1.0,54,1,0,1104,0.001182,0.0312,16.0256,160,75.2,0.0195,0.0073,1,0,0,0,0.08125,0.015625,37,0.8077,8.7486,0.4776,0.003
162,4832,2884,2,5,3,1.9913,2,12.2,0,2879,4.32,0.9681,2979.0,5,1.0,56,2,0,1136,0.001322,0.037,15.625,161,73.5,0.0187,0.0075,1,0,0,0,0.101852,0.015625,37,0.8466,8.7949,0.4771,0.003529
163,4828,3016,0,0,3,1.956,2,12.1,3016,0,4.44,1.0112,2982.6,0,1.0,55,0,1,1136,0.001208,0.044,0.0,162,75.8,0.0191,0.0074,0,0,0,0,0.079179,0.015625,37,0.8027,8.8418,0.4766,0.003856
164,4826,2942,1,3,3,1.9587,1,12.2,4,2933,4.46,0.9877,2978.7,9,1.0,58,8,5,1155,0.001039,0.0371,24.4648,163,72.8,0.0184,0.0074,0,0,0,0,0.065714,0.015625,39,0.7622,8.8875,0.4761,0.003856
165,4824,2980,2,5,1,1.9591,1,12.1,2961,0,4.46,1.0004,2978.8,19,1.0,59,5,4,1171,0.001053,0.0321,42.9747,164,72.3,0.0184,0.0071,1,0,0,0,0.084548,0.015625,39,0.8152,8.9575,0.4758,0.003529
166,4821,2973,0,0,1,1.9728,2,12.2,2,2961,4.48,0.9982,2978.3,12,1.0,57,2,4,1152,0.001003,0.0323,24.6988,165,75.8,0.0187,0.0073,0,0,0,0,0.087977,0.015625,39,0.8224,9.0132,0.4753,0.003
167,4821,2997,0,0,0,1.977,1,12.1,2992,0,4.42,1.0057,2980.0,5,1.0,56,0,1,1130,0.001036,0.0315,14.8368,166,78.2,0.0196,0.0066,0,0,0,0,0.080229,0.015625,37,0.8052,9.0562,0.4751,0.002471
168,4819,2951,0,0,0,1.9532,1,12.1,0,2951,4.52,0.9912,2977.3,0,1.0,55,0,1,1122,0.000908,0.0382,0.0,167,80.5,0.0193,0.0068,0,0,0,0,0.082803,0.015625,37,0.8113,9.1199,0.4751,0.002144
169,4818,2974,1,3,0,1.9037,1,12.2,0,2969,4.5,0.999,2977.0,5,1.0,58,4,1,1136,0.000893,0.0332,15.528,168,77.3,0.0187,0.0073,0,0,0,0,0.099698,0.015625,39,0.8433,9.1743,0.4748,0.002144
170,4815,3063,1,5,2,1.6729,1,12.1,3054,0,4.55,1.0264,2985.3,10,1.0,58,1,1,1145,0.001038,0.0402,31.8471,169,77.0,0.0184,0.0079,1,0,0,0,0.092879,0.015625,40,0.8318,9.2114,0.4742,0.002471
171,4815,2980,0,0,3,1.7621,2,12.2,5,2975,4.45,0.9984,2984.8,5,1.0,55,5,8,1146,0.001129,0.0475,5.211,170,77.6,0.0182,0.0076,0,1,0,0,0.067039,0.015625,41,0.7669,9.2449,0.4736,0.003
172,4813,2960,1,5,1,1.7827,1,12.1,0,2955,4.43,0.9925,2982.4,5,1.0,56,1,0,1130,0.001071,0.0409,14.9701,171,77.2,0.0182,0.0086,1,0,0,0,0.087719,0.015625,38,0.8219,9.2946,0.4734,0.003529
173,4813,2944,0,0,1,1.8837,1,12.2,0,2939,4.48,0.9883,2978.7,5,1.0,56,0,0,1130,0.00109,0.0397,18.3824,172,78.2,0.0194,0.008,0,0,0,0,0.093863,0.015625,38,0.8335,9.3055,0.473,0.003856
174,4812,2931,0,0,0,1.9246,1,12.1,2,2929,4.4,0.9855,2974.2,2,1.0,55,2,3,1142,0.001029,0.0446,6.25,173,80.4,0.0191,0.0078,0,1,0,0,0.080357,0.015625,39,0.8056,9.3412,0.4725,0.003856
175,4810,3015,1,5,0,1.9266,1,12.1,3010,0,4.43,1.0124,2978.1,5,1.0,55,1,1,1109,0.001062,0.033,16.7224,174,79.0,0.0191,0.0073,1,0,0,0,0.069307,0.015625,38,0.7746,9.3643,0.472,0.003529
176,4810,2871,0,0,0,1.9547,1,12.1,5,2866,4.34,0.9674,2967.9,5,1.0,53,0,2,1109,0.001038,0.0426,16.9492,175,82.9,0.02,0.0079,0,0,0,0,0.072131,0.015625,38,0.7834,9.4069,0.4717,0.003
177,4808,2897,0,0,0,1.9668,1,12.1,5,2892,4.39,0.9783,2961.1,5,1.0,53,0,0,1086,0.000953,0.0425,16.6667,176,83.9,0.0194,0.0087,0,0,0,0,0.075163,0.015625,37,0.7921,9.4657,0.4716,0.002471
178,4808,2878,0,0,3,1.9585,1,12.1,4,2869,4.39,0.9745,2953.2,9,1.0,56,5,2,1103,0.000936,0.0415,29.6053,177,80.3,0.0191,0.0079,0,0,0,0,0.079872,0.015625,40,0.8044,9.4817,0.4712,0.002144
179,4807,2950,1,5,3,1.9569,1,12.1,0,2940,4.49,0.999,2952.9,10,1.0,57,1,0,1118,0.000993,0.0385,31.25,178,79.9,0.0188,0.0076,1,0,0,0,0.118343,0.015625,41,0.868,9.5024,0.4707,0.002144
180,4806,3000,0,0,3,1.9592,1,12.2,3000,0,4.49,1.0144,2957.4,0,1.0,56,0,1,1118,0.000863,0.0368,0.0,179,82.3,0.0189,0.0076,0,0,0,0,0.064417,0.015625,41,0.7574,9.5423,0.4702,0.002471
181,4806,2930,1,4,1,1.9592,1,12.1,0,2925,4.41,0.9916,2954.8,5,1.0,58,3,1,1130,0.000879,0.04,17.1233,180,80.4,0.0187,0.0072,0,0,0,0,0.073333,0.015625,42,0.7869,9.569,0.4699,0.003
182,4804,2979,0,0,3,1.9787,1,12.1,2971,0,4.43,1.0074,2957.1,8,1.0,57,3,4,1132,0.000824,0.0364,21.875,181,82.6,0.018,0.0077,0,1,0,0,0.075758,0.015625,43,0.7937,9.5902,0.4696,0.003529
183,4803,3021,1,5,3,1.9257,1,12.2,3015,0,4.59,1.0195,2963.2,6,1.0,56,2,3,1132,0.000991,0.0357,15.4799,182,84.7,0.0181,0.0067,1,0,0,0,0.092262,0.015625,41,0.8306,9.6348,0.4692,0.003856
184,4803,3033,1,4,1,1.9319,1,12.1,3030,0,4.48,1.0213,2969.8,3,1.0,56,1,1,1130,0.00083,0.0417,9.2308,183,85.7,0.0188,0.0075,0,0,0,0,0.077381,0.015625,39,0.7981,9.6557,0.4689,0.003856
185,4800,3013,1,3,1,1.9015,2,12.1,3007,0,4.53,1.0131,2973.9,6,1.0,57,5,4,1148,0.000826,0.0345,18.018,184,84.9,0.0184,0.0069,0,1,0,0,0.071839,0.015625,39,0.7825,9.693,0.4685,0.003529
186,4800,2940,2,5,1,1.916,2,12.0,3,2927,4.43,0.9897,2970.7,13,1.0,59,2,0,1156,0.000956,0.0418,43.4783,185,83.0,0.0178,0.0082,1,0,0,0,0.083601,0.015625,39,0.8131,9.7509,0.4678,0.003
187,4798,2848,1,4,1,1.9634,2,12.1,0,2843,4.45,0.9625,2959.0,5,1.0,59,1,1,1174,0.000967,0.0395,15.5763,186,84.0,0.0176,0.0066,0,0,0,0,0.094225,0.015625,39,0.8342,9.7843,0.467,0.002471
188,4797,2971,3,5,1,1.9748,2,12.0,2956,0,4.47,1.0037,2960.2,15,1.0,62,5,2,1220,0.000942,0.0331,43.1034,187,80.8,0.0167,0.0066,2,0,0,0,0.069061,0.015625,42,0.7737,9.8147,0.4659,0.002144
189,4795,2914,0,0,3,1.8889,2,12.0,6,2903,4.43,0.9859,2955.8,11,1.0,60,1,3,1200,0.000988,0.038,28.4091,188,84.4,0.0167,0.0062,0,0,0,0,0.084239,0.015625,42,0.8145,9.8446,0.4651,0.002144
190,4794,2970,0,0,3,1.8155,1,11.9,2965,0,4.48,1.0044,2957.1,5,1.0,57,0,3,1185,0.000768,0.0398,14.881,189,89.7,0.0183,0.0075,0,0,0,0,0.073864,0.015625,41,0.7885,9.8872,0.4647,0.002471
191,4794,2999,1,5,1,1.8732,1,12.0,2990,0,4.58,1.0128,2961.1,9,1.0,57,1,1,1168,0.001013,0.0448,26.087,190,90.6,0.0184,0.0073,1,1,0,0,0.081232,0.015625,40,0.8077,9.9264,0.4641,0.003
192,4794,2832,1,3,3,1.8299,1,12.0,6,2821,4.34,0.9604,2948.8,11,1.0,60,5,2,1166,0.000838,0.0368,34.8101,191,84.3,0.0181,0.0067,0,1,0,0,0.088957,0.015625,38,0.8244,9.9663,0.4637,0.003529
193,4792,2958,1,3,3,1.8366,2,11.9,2946,0,4.44,1.0028,2949.7,12,1.0,59,1,2,1176,0.000982,0.0274,37.7358,192,86.7,0.0171,0.006,0,0,0,0,0.072948,0.015625,38,0.7858,10.0028,0.4631,0.003856
194,4792,3023,0,0,3,1.6616,2,12.0,3017,0,4.49,1.0227,2956.8,7,1.0,57,0,2,1171,0.000651,0.0336,22.082,193,90.7,0.018,0.0067,0,1,0,0,0.082569,0.015625,38,0.8108,10.0487,0.463,0.003856
195,4792,2858,0,0,3,1.5761,1,11.9,4,2854,4.46,0.9697,2947.4,4,1.0,57,1,1,1150,0.000792,0.0358,10.0671,194,91.7,0.018,0.0071,0,0,0,0,0.068404,0.015625,38,0.7716,10.0975,0.4625,0.003529
196,4792,2853,0,0,3,1.5853,1,12.0,3,2850,4.38,0.9709,2938.4,3,1.0,56,0,1,1140,0.00076,0.0413,9.8361,195,94.3,0.0184,0.0073,0,0,0,0,0.085714,0.015625,38,0.8177,10.1356,0.462,0.003
197,4790,2917,0,0,3,1.4041,1,11.9,8,2909,4.43,0.9934,2936.3,8,1.0,58,5,3,1153,0.000786,0.0362,23.4899,196,92.0,0.017,0.0078,0,0,0,0,0.085526,0.015625,38,0.8173,10.1948,0.4617,0.002471
198,4790,2901,0,0,3,1.4591,1,11.9,3,2898,4.45,0.9891,2933.0,3,1.0,57,0,1,1132,0.000769,0.0313,9.8039,197,91.3,0.0184,0.007,0,0,0,0,0.07837,0.015625,38,0.8006,10.2481,0.4613,0.002144
199,4790,2878,1,4,3,1.7131,1,12.0,4,2874,4.4,0.983,2927.7,4,1.0,55,1,3,1129,0.0008,0.039,13.289,198,93.5,0.0183,0.0077,0,0,0,0,0.071429,0.015625,39,0.7812,10.2936,0.4608,0.002144
200,4790,3040,1,4,3,1.6172,1,12.0,3058,0,4.52,1.0413,2940.5,4,1.0,56,1,0,1137,0.000717,0.0324,12.1212,199,92.8,0.0191,0.0073,0,0,0,0,0.067647,0.015625,40,0.769,10.3259,0.4603,0.002471
